1 17
1 
0 
0 
0 
0 
1 
0 
1 
0 
1 
1 
1 
0 
0 
3 
2 
0 
3 6
0 0 1 
1 1 1 
2 3 1 
1 1 0 
0 1 0 
0 0 1 
18 14
1 0 1 0 1 1 1 0 0 0 0 1 1 1 0 1 0 3 
0 1 0 1 0 1 1 0 0 0 0 1 1 0 1 1 1 0 
0 0 0 0 0 1 0 0 1 1 0 0 0 0 1 0 1 0 
1 1 0 1 1 1 1 1 1 0 1 1 1 1 0 1 1 0 
1 1 1 0 0 1 1 0 0 2 1 1 1 1 1 1 0 1 
0 1 1 0 0 0 0 0 1 1 1 1 0 0 0 1 1 0 
1 0 0 1 1 1 0 1 0 1 0 0 0 0 1 0 1 0 
0 1 1 1 0 1 1 1 0 0 1 0 1 0 0 0 0 0 
0 1 1 1 0 1 0 1 1 1 0 1 1 1 1 1 0 0 
1 0 0 1 1 1 0 0 1 0 1 0 1 1 1 0 0 0 
0 1 0 0 1 0 1 0 1 0 1 1 1 1 0 1 0 1 
1 1 1 1 0 1 1 1 0 1 0 0 0 0 1 1 1 0 
1 0 0 0 1 1 1 0 1 1 1 1 1 0 1 0 0 0 
0 0 1 1 0 1 0 0 0 0 1 1 1 1 0 0 1 0 
14 12
0 1 0 0 1 1 0 1 0 1 0 1 2 1 
0 0 0 0 0 0 0 0 0 1 0 0 1 1 
1 0 0 1 1 1 1 0 0 0 0 0 1 0 
1 0 1 1 1 0 1 0 3 1 1 0 0 0 
0 1 0 0 1 0 1 0 1 0 0 0 1 0 
0 0 0 1 0 1 1 1 0 1 1 0 0 0 
1 0 1 0 0 1 0 0 0 1 0 0 0 0 
1 0 0 1 1 1 1 1 1 0 0 0 0 0 
0 1 0 1 0 1 0 1 1 0 0 0 0 0 
1 1 1 1 1 0 0 1 0 0 0 1 1 1 
0 0 1 1 1 0 1 1 1 1 1 0 0 0 
0 0 0 1 0 0 1 1 1 0 1 0 1 0 
9 13
1 0 1 1 0 0 1 0 0 
0 0 1 1 1 1 1 0 1 
1 1 0 1 0 0 0 0 1 
1 1 1 0 0 0 0 1 0 
1 1 0 1 1 1 1 1 1 
0 1 0 1 0 1 1 0 0 
0 1 0 3 1 1 0 0 1 
0 1 0 1 1 0 0 0 1 
2 1 1 0 0 1 0 0 1 
0 1 0 1 0 0 1 1 0 
1 0 1 1 1 0 0 1 1 
0 0 1 0 0 1 0 0 0 
1 1 1 0 0 1 1 1 0 
2 7
3 0 
1 1 
0 0 
1 0 
1 0 
0 1 
2 0 
4 13
1 0 1 0 
1 0 0 1 
1 0 1 1 
3 1 0 0 
1 0 1 1 
0 1 1 0 
0 0 0 0 
2 1 0 1 
1 1 0 0 
1 1 1 1 
1 0 0 0 
0 0 1 0 
1 0 0 1 
14 19
0 1 0 1 1 0 0 1 1 1 1 1 0 0 
1 0 0 0 3 0 0 1 1 1 2 0 1 1 
0 1 1 1 0 1 0 0 0 0 1 0 0 0 
0 1 1 0 0 0 0 1 0 0 1 0 0 0 
0 0 1 1 0 1 1 0 1 0 0 1 0 1 
1 0 0 1 1 1 1 1 0 1 1 0 1 0 
1 0 0 0 1 0 0 0 1 0 1 0 0 0 
1 0 1 0 0 1 0 0 1 0 1 0 1 0 
0 1 0 0 0 1 0 0 0 0 1 1 0 0 
0 1 0 0 1 1 0 1 1 1 0 1 0 1 
1 1 0 1 1 0 0 1 0 0 0 0 1 1 
1 0 1 1 0 1 1 1 1 1 1 1 1 0 
0 1 1 0 0 1 0 1 1 1 1 0 0 1 
1 1 0 1 0 1 1 0 1 1 0 0 0 0 
1 0 1 1 0 0 0 0 0 0 0 1 0 1 
0 1 0 0 1 0 1 0 0 1 1 0 1 0 
1 0 1 0 0 0 1 1 0 0 1 1 1 1 
0 1 1 0 1 1 0 0 0 1 0 1 0 1 
1 1 0 0 1 0 1 1 0 0 0 1 0 0 
5 4
1 0 0 1 0 
3 1 1 1 2 
1 0 0 1 1 
1 1 0 0 0 
18 6
0 1 1 0 0 1 0 0 0 0 0 1 0 1 1 1 0 0 
1 0 1 0 1 1 0 0 1 1 1 0 0 0 1 1 1 1 
0 1 0 0 0 1 0 0 0 1 0 1 0 1 0 1 1 1 
1 1 0 0 0 1 0 0 0 1 1 0 1 0 1 2 0 0 
1 0 3 1 1 1 0 0 0 0 1 1 0 0 0 0 1 1 
1 1 0 1 1 0 1 0 1 1 0 1 0 0 1 1 1 0 
19 17
1 1 1 1 0 1 0 0 1 0 0 0 0 0 1 1 0 0 0 
0 0 1 1 0 0 0 0 0 1 0 0 0 1 0 0 0 0 1 
0 1 0 1 1 1 0 0 1 0 1 0 1 1 1 1 1 1 0 
1 0 1 1 0 0 1 0 0 1 0 1 0 1 1 0 0 0 0 
1 0 1 0 0 1 1 1 1 0 0 0 1 0 1 0 0 0 0 
1 0 0 0 1 1 1 0 1 1 1 1 1 0 1 1 1 0 0 
1 0 0 0 0 1 1 3 1 1 0 0 0 0 1 0 0 0 0 
0 0 1 1 0 1 0 0 0 0 1 1 0 0 1 0 1 1 0 
0 1 1 0 0 0 1 0 1 1 1 1 0 1 0 0 0 2 1 
1 1 1 0 1 1 0 1 0 0 1 0 0 0 0 0 1 1 0 
0 0 0 1 0 0 0 1 1 0 1 0 1 1 1 0 0 1 0 
0 1 0 0 0 0 0 0 1 1 1 0 0 1 1 0 1 0 1 
1 1 0 0 0 1 0 0 0 1 1 0 0 0 1 0 0 1 1 
0 0 1 1 0 0 0 0 1 1 0 0 0 1 0 0 1 1 0 
1 0 0 0 1 1 0 1 1 1 0 0 1 1 1 1 0 1 0 
0 1 0 1 1 1 0 0 1 0 1 0 1 1 0 1 0 1 1 
1 0 1 0 0 0 1 1 1 1 1 1 0 1 1 1 0 0 0 
18 2
1 1 0 1 0 1 1 0 1 0 0 3 0 0 1 0 1 0 
0 0 0 1 0 1 0 1 1 2 1 1 0 1 0 0 1 0 
7 10
1 0 0 0 1 1 0 
1 0 1 1 1 0 1 
0 1 1 0 1 1 1 
0 1 1 1 0 1 1 
1 1 0 0 0 1 0 
1 1 0 1 2 1 0 
0 3 0 0 1 0 0 
0 1 1 1 0 0 0 
1 0 1 0 1 0 0 
1 1 1 1 1 1 0 
14 6
0 0 1 0 0 0 0 1 1 0 1 1 1 0 
0 0 1 0 1 0 1 1 1 1 1 1 1 1 
1 1 0 2 1 1 0 0 1 0 0 0 0 1 
1 0 1 1 1 1 1 1 1 1 1 1 1 0 
1 0 1 1 1 0 1 1 0 1 1 0 0 0 
1 0 1 0 0 1 0 0 1 0 0 0 0 3 
4 8
0 1 0 0 
0 0 0 0 
1 0 0 1 
0 0 0 0 
0 0 0 0 
3 0 1 0 
1 0 1 0 
1 0 0 2
